# oST version 5.0 parameters


[image]

width
640

height
480

[narrow_stereo]

camera matrix
821.101241 0.000000 336.877021
0.000000 824.534411 249.782310
0.000000 0.000000 1.000000

distortion
0.055438 0.178013 -0.002200 0.009315 0.000000

rectification
1.000000 0.000000 0.000000
0.000000 1.000000 0.000000
0.000000 0.000000 1.000000

projection
839.796021 0.000000 340.044834 0.000000
0.000000 846.099426 248.949939 0.000000
0.000000 0.000000 1.000000 0.000000

