image_width: 640
image_height: 480
camera_name: narrow_stereo
camera_matrix:
  rows: 3
  cols: 3
  data: [821.101241, 0.000000, 336.877021, 0.000000, 824.534411, 249.782310, 0.000000, 0.000000, 1.000000]
distortion_model: plumb_bob
distortion_coefficients:
  rows: 1
  cols: 5
  data: [0.055438, 0.178013, -0.002200, 0.009315, 0.000000]
rectification_matrix:
  rows: 3
  cols: 3
  data: [1.000000, 0.000000, 0.000000, 0.000000, 1.000000, 0.000000, 0.000000, 0.000000, 1.000000]
projection_matrix:
  rows: 3
  cols: 4
  data: [839.796021, 0.000000, 340.044834, 0.000000, 0.000000, 846.099426, 248.949939, 0.000000, 0.000000, 0.000000, 1.000000, 0.000000]